0 0.457120 0.595469 0.027508 0.038835
0 0.521845 0.605178 0.033981 0.038835
0 0.588188 0.616505 0.024272 0.025890
0 0.645631 0.617314 0.025890 0.033981
0 0.728155 0.410194 0.029126 0.030744
0 0.669903 0.404531 0.022654 0.029126
0 0.728155 0.597896 0.045307 0.033981
0 0.772654 0.538835 0.046926 0.032362
0 0.839806 0.381877 0.038835 0.045307
0 0.915858 0.381877 0.045307 0.048544
0 0.560680 0.444984 0.024272 0.038835
0 0.508900 0.437702 0.024272 0.030744
0 0.444984 0.252427 0.042071 0.051780
0 0.367314 0.248382 0.035599 0.040453
0 0.277508 0.350324 0.030744 0.043689
0 0.207120 0.343042 0.032362 0.035599
0 0.144822 0.408576 0.033981 0.043689
0 0.086570 0.402104 0.037217 0.046926
0 0.085761 0.174757 0.038835 0.048544
0 0.028317 0.174757 0.027508 0.035599