0 0.603560 0.338188 0.038835 0.048544
0 0.670712 0.329288 0.030744 0.059871
0 0.881068 0.239482 0.033981 0.035599
0 0.974919 0.283172 0.030744 0.038835
0 0.775890 0.148058 0.040453 0.056634
0 0.512945 0.373786 0.035599 0.058252
0 0.428803 0.372977 0.038835 0.043689
0 0.325243 0.265372 0.029126 0.045307
0 0.266990 0.276699 0.032362 0.045307
0 0.200647 0.220874 0.038835 0.037217
0 0.143204 0.228964 0.024272 0.040453
0 0.038835 0.120550 0.025890 0.030744
0 0.114887 0.469256 0.042071 0.045307
0 0.035599 0.470065 0.038835 0.043689
0 0.572006 0.027508 0.021036 0.035599
0 0.529935 0.021036 0.024272 0.025890